6.08802737089
3.70535837724
3.2353878378
3.8673589253
3.86765599281
3.08306995807
5.37160925039
2.65497057002
3.84203124457
3.73313624946
4.89473534068
2.46524683544
5.17495642733
4.03107110892
3.76702165907
5.1082487645
3.95400794567
3.88939903978
4.97685673778
2.71677322926
5.4585374183
3.59732861473
5.00323129939
2.26011039079
4.54734234144
3.41869971867
3.39643009549
2.45275852244
3.0975155048
3.38124645051
4.25266463585
2.36061117972
4.00737890283
4.31970655927
5.35291321968
2.39317366377
7.13818131977
5.11019030416
5.39741343877
2.0577143459
3.55798651668
2.67871470643
4.67806658216
4.1591244224
5.73087110855
2.93846924388
6.10201807633
2.19039780797
5.5469979959
4.62208852717
4.74472979742
1.1001134467
5.08134397816
3.9494895977
6.70047662983
3.30587650172
4.31427809998
3.9450726379
3.23956609239
2.25312869733
6.37855159517
2.45844580076
4.89133491674
3.78941639511
6.60428701786
5.11498335248
3.73214086248
4.67255655839
5.10447884426
3.40955436247
4.63891584744
2.34921232314
5.50520579622
3.25300730587
4.83375453337
2.734610069
4.73042698815
3.47508253232
3.24805647449
2.76417367209
4.438324025
2.85399644577
2.37751348527
3.58098514491
3.04429003259
1.87050914991
4.93249056853
2.23564496389
5.80692883674
2.48406827891
4.27339903777
2.53645023086
6.47644740898
3.15991050328
6.39381866198
3.57752608277
1.89797311009
2.71090859979
4.87704018719
2.96814224734
4.80469824757
4.69852734628
4.74027654115
3.17947577088
4.98304984017
3.16146111111
4.24791128563
3.03044169001
6.0051084439
3.5774662267
4.82326538326
3.36356847532
4.76290926693
4.80435224511
5.17902013341
2.22708948009
4.03215772478
3.17496995115
4.87578845035
2.37223255759
6.00430822865
1.30127619975
4.16512988245
2.59347894112
6.02252251437
1.27147212575
5.97256753239
2.18483666787
6.3189924319
3.85686373141
4.51379009838
2.80265124632
2.30069522373
3.42431250531
6.34234129579
5.23319685562
4.76283393908
2.88355219439
4.72706456937
1.65488515458
4.59611459409
4.39868887866
4.60756445731
5.61910276435
6.75227133429
1.5761399678
4.36798372506
4.0883817745
4.54126290975
4.4805164269
3.65260258141
3.69822241392
5.45949171569
2.04826381357
5.58059858094
3.77878561307
5.96599133042
3.05281868841
4.01022317863
3.65420523176
5.78865287947
1.70746528152
4.66325165777
2.15462518688
6.21760401133
3.69552647766
4.68269223984
3.91127418982
4.75145976719
3.60092962348
4.34231375076
2.3387706659
4.91417694517
5.76186229728
4.59758389565
3.28031610032
4.62192042457
3.36016231683
6.03663466986
2.0818157664
4.7158274205
2.54168118262
5.78813140304
3.35753544417
5.22753904686
1.51965896064
4.83573682332
1.17817853161
4.27377840697
2.81130625997
5.87385258902
4.70148557441
5.2027033738
1.54383904453
4.27959180137
2.37110007833
5.95938681597
3.80409031911
2.89320282398
3.20266273736
4.49517513939
4.10131708223
3.36379574756
3.45322399285
3.78479712087
2.55932795176
4.63525017641
4.21852637299
5.24451147054
4.74998321238
5.20260409831
4.74689672428
4.58715256567
3.20482935339
3.59571643346
1.55428065073
4.83251168708
1.69892519815
4.91443220751
2.23030721477
3.61844591526
1.04518037494
5.26712890405
2.91663463208
5.10796053598
2.7537447364
5.61926965207
3.62969642089
4.62770751849
3.00492176089
5.45396187447
2.48716312455
7.05818501498
2.03709441474
6.29668506348
4.18280223959
5.59651533855
4.1697383194
4.77891495091
2.98585553769
4.72739154849
2.35169853029
5.19804598461
4.50966636912
6.26528491681
2.44220096145
2.9797960682
1.98394365136
4.42359566055
2.85960727673
5.30268071414
2.62679019078
3.65008888306
3.75934913986
5.34016821282
2.64163064424
2.49978537706
4.12066489113
4.35841028808
2.97541714058
5.11729704323
3.69665549066
4.71243658473
3.45297072101
6.32740980475
3.45866142836
5.91601935752
3.6010782648
5.58179364951
4.58852431594
6.07550877411
3.84832721867
6.24433160049
2.43493930816
4.35708498071
2.20148360682
5.69933049923
3.34219905421
6.12414123593
3.74535569882
4.69587335708
2.9195747306
2.41712624724
2.86133776878
5.64229995996
3.12529480026
3.34917507726
2.88552833055
4.19817795753
0.579675301131
6.15355447555
3.09532309663
4.34027294288
1.92692240637
5.26596074893
1.98218103743
3.86588637666
3.72685694862
4.13239413645
2.11072686894
6.16938864361
1.77806129876
5.32904274442
3.32326634078
6.43408384353
3.13427322335
6.47278968723
3.5949692698
7.48381998485
4.71656455459
6.24696703458
5.31242634453
4.34525924116
4.64239254385
6.97458116629
4.51381623288
5.14038855563
4.37998166447
7.01442845135
1.67256489636
3.6583350926
3.73420132873
5.94372941715
2.08607491439
4.26350102381
2.08463163876
5.9324070994
5.14103931336
5.42834049
3.6108161448
5.64428588097
3.29430445168
6.50876825961
2.63111704507
4.08747205242
2.934170802
6.54099000695
3.31875962263
3.99730681891
4.10137964665
6.23390810216
4.00577179332
4.93269216382
2.01586098578
3.94576389007
0.295477961507
6.97937838384
4.00205699763
5.52381447423
3.26440476139
4.93120633815
1.93575177246
4.52918670596
1.92831097533
4.72663098218
3.66075581876
4.66293971285
3.07523513053
5.29484181177
2.15875414265
3.90670344409
3.09479624192
5.67993284008
3.10084176544
6.16639646365
1.38667508053
5.04129388311
3.64519373778
4.96030673594
1.93442162689
4.72633333088
3.8302017679
5.4996164555
3.07802849606
6.71952977098
2.99622130965
4.34564626508
2.06381680601
6.05147966904
3.65588310924
3.97767184264
1.98116336536
6.05680318
1.22936928436
4.01826000819
3.67666741676
4.91747300317
3.61702449884
6.30508439044
3.92467893334
5.74661432544
4.08799746007
5.51858553968
1.72163351588
4.86874081961
3.4570834586
4.25636338167
1.98521876888
4.73784502365
2.66141652847
